4865883236,4984342401,1,1,7
3072798733,3103197130,8,5,8
3072798733,3101791329,5,3,7
3072798734,3101785824,2,2,6
3072798734,3103197129,8,4,9
2477258767,2477258787,4,3,5
2477258767,2477258786,3,2,4
2477258768,2477258788,6,4,6
2477258769,2477258771,4,4,5
2477258769,2477258770,7,5,8
2477258770,2477258774,1,1,8
2477258771,2477258776,5,5,8
2477258771,2477258777,3,2,3
2477258771,2477258778,7,7,7
2477258772,2477258774,7,6,7
2477258772,2477258773,6,2,7
2477258773,4182408147,1,1,1
2477258773,4182408155,1,1,1
2477258774,2477258779,8,8,8
2477258775,4182408154,8,3,9
2477258779,4182408154,9,4,9
2477258780,2477258781,5,5,8
2477258782,2477258783,5,4,6
2477258782,4182408143,4,2,4
2477258782,2477260909,9,3,9
2477258783,2477258784,4,4,7
2477258784,2477258785,7,6,9
2477258785,2477258787,6,2,7
2477258786,2477258788,4,2,5
2477258786,2477260908,2,1,2
2624215076,3103183130,5,5,9
2624215077,3089780830,5,2,5
2624215077,3089780834,7,5,8
1430655014,1430655023,3,3,3
1430655014,1430655016,4,3,5
1430655014,1430655025,5,4,6
1430655015,3827608175,4,3,6
1430655015,2281095534,5,2,5
1430655015,1430655035,7,4,9
1430655015,4946614569,1,1,4
1430655016,3827608168,2,2,4
1430655016,1430655022,7,6,7
1430655017,1430655032,6,4,8
1430655017,3827606149,1,1,4
1430655017,1430655026,5,5,5
1430655018,2280678787,8,5,9
1430655018,1430655019,4,2,6
1430655019,4946614565,7,4,8
1430655020,4946614564,5,4,9
1430655020,1430655034,7,7,8
1430655021,3112723448,4,3,9
1430655021,1430655025,7,3,8
1430655021,1430655023,4,2,5
1430655022,1430655025,4,3,6
1430655022,3112723452,5,5,9
1430655022,4946614550,7,7,8
1430655023,1430655032,5,1,8
1430655024,4946614565,6,4,9
1430655024,4946614564,6,2,7
1430655025,3089780842,5,4,5
1430655026,1430655036,6,2,6
1430655026,4894927245,7,7,8
1430655029,4946614568,2,1,3
1430655029,4946614569,1,1,1
1430655030,4946614567,6,4,6
1430655030,4946614568,1,1,3
1430655032,1430655035,6,6,8
1430655034,4946614566,9,4,9
1430655036,3827608175,4,4,8
1430655036,2281095533,4,3,8
5418416194,5418416195,6,1,8
3146844229,4867295782,6,3,7
3146844229,4867295787,6,4,9
3146844229,4867295780,3,1,6
3146844229,3827608174,7,1,9
3146844230,4867295786,8,4,9
3146844230,4867295788,2,1,3
3146844230,3827608168,7,6,9
4712372303,5135931887,3,3,7
4712372303,4712372304,5,3,6
4712372304,4712372305,9,9,9
1904250969,1904250981,5,2,5
1904250969,5034061175,3,3,9
1904250970,1904250983,7,5,9
1904250972,2750509426,1,1,6
1904250972,1904250987,4,1,4
3089780830,3089780836,4,3,9
3089780830,3089780832,2,1,3
3089780830,3144858729,4,4,4
2281095529,4894922585,4,3,5
2281095529,2281095531,4,1,5
3089780832,3089780835,3,2,3
3089780832,3089780834,8,3,8
3089780832,4984342399,9,3,9
1904250977,2110338712,7,2,9
1904250978,2750509426,8,2,9
1904250979,2477255864,3,3,5
1904250979,4182408163,5,4,7
3089780836,3144848932,5,2,8
1904250981,4182358243,3,2,5
2477260903,2477260907,3,1,4
3089780840,3089780842,6,2,9
3089780840,3103197129,2,1,3
2477260905,2477260909,6,3,9
2477260905,2477260907,5,4,7
2477260906,2477260907,4,2,4
2477260906,2477260908,1,1,4
732031087,732031195,7,7,7
2477260912,5376448907,6,1,7
2477260912,5376448906,8,5,8
2477260915,3103169129,4,1,5
2477260916,2477260924,9,4,9
2477260917,5376449359,5,4,6
2477260917,3827606154,6,5,9
2477260918,3827606156,4,1,5
2477260919,5376449360,2,2,5
2477260919,4182408168,6,6,6
2477260921,2624215077,4,4,6
2477260921,3089780837,4,1,4
2477260921,3827606146,3,3,3
2477260922,3089780838,6,2,8
2477260922,3089780837,8,8,8
2477260923,3089780838,4,4,5
2477260923,2624215076,2,2,8
2477260923,2624215077,4,2,5
2477260924,3827606147,2,1,5
2477260924,3058389834,2,1,4
2477260925,3060365833,3,2,7
436877438,1326461803,4,2,7
436877438,1326461772,8,2,9
436877438,3825549682,5,4,7
436877438,3825549765,4,3,4
2477260927,2477260928,3,3,6
2477260927,4182408156,5,4,6
2477260928,2477260929,7,1,7
2477260929,4182408156,2,2,2
2477260929,4182408146,5,5,9
2477260930,5416057367,5,1,9
2477260931,5416057367,8,1,9
2477260931,4182408156,4,3,4
2477260931,5376448169,3,3,9
2477260931,5416056326,9,5,9
2477260932,5416056326,3,2,3
2477260932,2477260934,2,1,9
2477260934,5416057365,7,2,7
2477260935,2477260936,8,2,8
2477260935,4182408154,6,4,6
2477260936,2477260937,8,2,8
2295365607,2295365608,7,5,9
436832396,1326461797,8,6,8
436832396,4131931170,5,5,6
436832396,4131931175,3,3,6
3825549677,3825549679,6,5,9
2281095531,3054786235,3,1,6
2281095531,3054787036,5,5,5
2281095531,4894927245,6,6,9
4712361516,4712367299,8,7,9
732031137,732031209,6,3,9
3146844329,4867295780,7,7,7
5416057002,5418416195,7,7,7
571449373,3112719039,1,1,5
571449373,1906756262,6,1,9
571449373,4959609717,5,5,5
571449373,1430655577,9,9,9
571449373,4184070815,4,4,4
2295365604,2295365605,9,8,9
436209865,732031203,4,3,5
3800522733,3825549665,5,5,6
3800522733,5750809532,7,6,7
3800522733,5747600596,5,4,5
3112765647,4833719904,2,2,3
3112765647,4831995981,2,1,9
2956925139,3800522747,7,7,8
2956925139,2956925435,8,8,8
1430655012,1430655016,1,1,6
1430655012,1430655018,4,1,8
4894927067,4894927068,6,5,8
4894927068,4894927069,7,5,7
2932859105,4184070814,4,4,4
2932859105,3800522736,2,1,9
2932859105,3825549669,4,1,6
2932859105,4944034259,6,5,9
2932859106,3827170727,7,6,8
2932859108,4184048897,1,1,3
2932859109,3827170732,8,3,9
2932859110,3827170755,9,8,9
2932859110,3827170733,5,4,8
2932859110,3827170741,2,1,6
2932859110,3827170744,8,4,9
732031209,732033352,4,2,7
357841137,4865883257,7,6,7
357841137,4865883258,7,6,7
436835871,1855351819,4,3,5
3112208629,3212506967,4,4,5
3112208630,3112208631,5,1,6
4360970489,4360970491,4,4,5
4360970489,4360970490,4,3,6
732033408,2244637672,7,5,8
732033408,2244637625,9,9,9
3800522735,3800522737,5,5,7
732033410,2244637625,8,8,8
732033410,732033413,3,3,8
4946614549,4946614562,8,8,9
4946614550,4946614551,6,4,7
4946614551,4946614552,4,2,7
4946614552,4946614553,8,3,8
4946614553,4946614554,6,1,8
4946614555,4946614556,5,1,8
4946614556,4946614557,2,2,2
4946614557,4946614558,2,2,3
4946614558,4946614561,4,1,4
4946614559,4946614560,7,3,7
4946614559,4946614561,2,1,4
4946614560,4946614563,5,4,6
4946614562,4946614563,7,5,7
4946614564,5237800473,4,3,4
4946614566,4946614567,5,5,5
732033326,4894927064,3,1,3
732033326,732033328,4,3,4
732033328,4894927065,7,6,7
732033330,4894927065,7,4,8
732033330,4894927066,6,3,7
732033331,4894927066,5,4,5
732033331,732033332,4,4,7
732033332,4894927250,9,5,9
732033332,732033413,3,1,6
2295365608,2295365609,4,3,4
1326461824,4131931172,5,2,9
1326461824,1326461855,6,5,6
1326461824,4131931176,6,6,7
2956925247,3089780839,4,2,6
2956925247,2956960539,7,7,7
732033348,732033352,4,2,5
732033348,732033365,8,7,8
732033357,3112829834,9,6,9
732033357,732033358,7,5,8
732033358,732033359,2,1,2
4894927245,4894927246,5,2,5
732033361,732033363,6,6,8
732033363,732033365,7,7,8
3825549659,3826341158,1,1,2
3825549659,4184070814,5,4,6
3825549661,3825549663,5,5,8
3825549662,4865883236,3,2,6
3825549663,3825549664,5,3,8
3825549664,4184070814,9,9,9
3825549665,3825549666,3,2,3
3825549666,4184070815,8,6,9
3825549667,4712372303,4,3,4
3825549667,5135931886,9,4,9
3825549668,3825549677,9,9,9
3825549668,4712372303,2,2,6
3825549668,3825549670,2,1,3
3825549669,3825549699,6,2,9
3825549671,4184048891,2,2,2
3825549671,3825549674,4,2,4
3825549672,3825549673,7,7,9
3825549672,4984342400,5,5,7
3825549672,4865883255,2,1,2
3825549673,4184048891,7,6,9
2281095530,2281095531,5,5,7
2281095530,3827608184,7,5,9
3825549675,3825549677,4,4,8
3825549675,4184048892,8,7,8
2281095533,3054786235,9,8,9
2281095533,2281095534,5,3,9
2281095534,2477265742,4,3,4
2281095534,5237800470,2,1,4
3825549679,3825549680,6,3,6
3825549680,3825549681,4,3,4
3825549680,4184048892,2,2,3
3825549680,3825549682,6,3,6
3825549681,3825549700,7,6,7
3825549682,3825549706,7,4,9
2281095539,5237800475,4,4,5
2281095539,2477265747,9,4,9
2281095539,2477265735,4,2,4
3825549685,3825549698,7,7,9
3825549685,4184048891,5,5,5
2104016426,4182408161,2,2,8
5271574905,5271574906,2,2,5
1326174592,1430656080,2,2,3
1326174592,5416056536,4,3,7
1326174592,5376448167,5,2,8
3825549698,4184048892,6,3,9
3825549700,3825549732,4,4,6
3825549700,3825549706,3,1,3
3825549702,3825549715,4,4,8
1982932585,1982932667,1,1,2
1982932585,3112248630,8,7,8
1326174601,2477264030,4,4,6
1326174601,1326174615,3,1,3
1326174605,4182408161,9,2,9
1326174605,2477264030,4,1,7
1326174605,1326184339,5,4,6
1326174605,2477264017,5,4,7
4894927246,4894927248,7,3,8
4894927246,4894927250,3,2,9
2295365611,2295365612,4,3,4
4894927248,4894927249,8,2,8
3072842133,3112208630,5,2,5
3072842133,3112208631,8,7,8
3072842134,3112208630,8,7,9
3072842134,3112208629,3,3,3
1326174615,4182408165,6,5,7
1326174615,2477264025,6,4,7
1326174618,1326174870,8,6,8
1326174618,1326174785,7,1,8
1326174618,1326174835,7,5,9
3825549722,3825549761,5,4,6
3825549732,3825549745,7,3,7
3825549732,3825549740,2,2,2
732033445,732033446,6,2,8
732033446,732033448,9,3,9
2932859107,3827170723,3,3,5
2932859107,2932859108,8,4,9
2932859107,3827170721,5,4,6
732033448,732033451,8,7,8
1326174635,2477258779,4,3,4
1326174635,4182408155,2,2,2
1326174635,4182408156,4,4,6
732033455,732033457,5,5,6
3825549745,3825549770,3,2,4
3825549745,3825549765,8,3,8
1326174643,1326174713,7,5,7
1326174643,1326174859,1,1,3
1326174643,1326174921,8,3,8
1326174643,1326174650,3,3,3
732033461,2244637648,3,2,3
1326174650,1326174785,6,6,8
1326174650,1326174870,3,2,9
1326174652,2477258776,7,6,9
1326174652,2477258775,8,3,8
3825549761,3825549770,6,2,6
357839304,4865883259,8,6,8
357839304,4865883260,1,1,5
732031202,732031203,3,3,3
3825549770,3825549802,6,4,7
1326174672,1326174679,8,5,9
1326174672,4182408144,3,1,7
1326174672,2477264027,4,1,8
1326174672,2104016426,5,3,7
3112231377,3212506969,2,1,7
3112231377,3339353725,5,5,5
1326174679,4182408161,6,5,8
1326174679,2477264031,3,3,4
3212514896,3212514897,5,4,5
3212514896,3827548494,8,7,9
732033498,2244637597,2,2,5
732033498,2244637672,8,2,8
1326174683,2477260909,3,2,9
1326174683,1430656080,5,1,7
1326174684,5376448877,7,7,7
1326174684,1430656060,8,6,8
1326174684,1430656062,5,5,7
1904250960,1904250975,7,5,7
1904250960,1904250978,1,1,3
3827170726,3827170727,6,4,7
3827170776,4184048901,7,7,9
4959613421,4959613422,7,7,7
1326174702,2477258780,1,1,2
1326174702,4182408146,2,2,4
1326174702,1326174788,5,5,8
4959613423,4959613424,4,3,5
4959613424,4959613425,4,4,7
4959613425,4959613426,2,1,3
1326174709,1326174743,3,1,6
1326174709,1326174914,3,3,6
1326174709,2477261466,2,1,7
1326174709,4182408144,1,1,1
1326174711,2477261469,4,2,5
1326174711,2477261474,3,3,5
1326174711,3827608190,1,1,1
1326174713,2477258774,7,6,8
1326174713,2477258777,4,2,8
1326174713,4182408147,3,2,4
1326174718,4182408148,6,4,9
1326174718,1326174862,5,4,9
2477256599,2477256601,5,5,5
732033451,732033455,7,6,7
3112223238,5745473858,7,5,7
2295372295,3800522737,5,1,6
2295372296,3800522737,5,4,5
2295372296,2295372297,8,8,9
3060365833,3827606146,5,3,6
3958794762,4182381124,8,5,8
3958794764,4182381126,3,2,3
3958794764,4182381124,4,2,6
3958794765,4182381107,7,7,7
3958794765,4182381128,5,5,7
2295372302,3355067068,6,6,8
2295372302,2295372306,3,2,3
2295372302,2295372337,7,5,9
3958794767,4182381109,2,1,2
3958794768,4182381108,3,2,3
2295372306,2295372316,1,1,2
2295372306,2295372338,2,1,3
2295372306,3827548478,2,2,7
1326174739,1326174788,6,6,7
1326174739,4182408148,8,5,9
2295372308,2932857700,7,5,8
1326174741,1326174865,5,3,6
1326174741,5376448906,2,2,8
1326174741,1326174919,4,4,7
5416057366,5416057367,3,1,6
5416055909,5416055910,4,2,8
1326174747,2477261468,2,1,2
1326174747,3827608189,4,4,4
1326174747,3827608192,6,5,6
1326174747,3827608190,5,5,8
2295372316,3800522735,2,2,6
2295372316,3800522739,5,1,5
2295372317,3800522738,4,3,6
2295372317,2295372339,5,5,8
1326174750,5376449360,7,6,9
1326174750,2477260918,3,1,5
1326174750,1326174919,2,1,2
2295372320,2295372321,6,6,7
2295372321,3827548021,8,5,8
4867295778,4867295779,7,4,9
4867295779,4867295780,4,2,8
2295365616,4634291424,3,1,4
2295365616,3800522722,8,5,8
4867295782,4867295788,9,7,9
4867295782,4867295784,3,3,5
2295372331,2295372340,2,2,2
2295372331,3827548458,6,4,6
2295372331,2295372332,6,3,8
2295372334,2295372335,6,2,6
1326174768,2477258778,5,5,6
1326174768,2477255850,3,3,9
1326174768,2477258777,3,3,8
2295372337,3355067065,9,9,9
2295372337,2295372338,2,2,3
4182381106,4182381108,2,1,9
2295372339,3827548466,6,6,7
1326174774,2477261470,8,8,9
1326174774,2477261467,4,2,4
2295372344,3827548464,5,5,6
4182381113,4182381123,8,5,8
4182381113,4182381121,6,4,7
2295372346,3800522722,3,3,7
4182381115,4182381125,8,7,9
4182381115,4182381123,3,3,4
4182381117,4182381127,2,1,3
4182381117,4182381125,7,3,9
1326174782,5376448877,6,4,9
1326174782,1430674313,5,1,8
1326174782,5540428236,6,6,7
1326174785,1326174895,3,2,4
4182381123,4182381124,5,5,5
1326174788,1326174802,3,2,9
1326174788,1326174895,2,1,9
4182381125,4182381126,4,4,5
4182381126,4182381128,9,1,9
1326174791,3827608177,3,2,3
1326174791,3827608181,9,6,9
1326174791,2477261473,4,2,5
1326174791,1326174815,3,2,7
4182381129,4182408165,4,1,6
4182381130,4182408157,7,4,7
4182381131,4182381132,5,5,9
4182381132,4182381133,5,1,9
3089780834,3089780835,4,4,6
3089780834,3101791329,4,4,5
4182381134,4182381135,4,1,5
732033457,732033461,9,9,9
1326174802,2477258781,8,5,9
2477260899,4182408150,2,2,6
2477260899,2477260901,6,4,7
1326174809,1326174912,3,1,8
1326174809,2477260899,8,8,8
436210266,732033348,4,1,4
3827608157,3827608160,7,7,8
3827608160,3827608164,2,1,5
3827608160,5376449360,5,5,7
1326174819,3827608173,7,7,7
1326174819,4182408149,5,3,6
1326174819,2477261466,1,1,8
1326174819,1326174844,1,1,6
3827608164,3827608165,5,1,9
3827608165,3827608166,8,7,8
3827608165,3827608167,4,4,6
3827608167,3827608173,2,1,3
3827608169,3827608171,2,1,8
3827608170,3827608179,5,5,5
3827608170,3827608171,4,4,6
1904250983,2477261474,9,2,9
3827608173,3827608177,9,7,9
3827608174,3827608176,1,1,1
3827608176,3827608179,2,1,4
3827608178,3827608181,5,4,6
3827608183,3827608186,6,6,7
3827608184,3827608188,2,2,2
3827608185,3827608187,9,3,9
1326174844,2477260919,4,3,6
1326174844,2477260901,4,4,4
1326174844,3827608165,6,6,7
3827608190,3827608195,6,3,9
3827608192,4182408144,2,1,9
3827606146,3827606147,3,3,5
1904250987,4182358243,2,2,2
1326174856,2477264023,8,8,9
1326174856,4182408161,3,2,6
1326174856,1326174862,6,4,8
3089780844,4959609718,1,1,9
3827606154,3827606156,4,1,8
1326174859,4182408147,9,3,9
1326174859,1326174895,7,6,9
1326174862,1326174907,5,1,6
1326174862,1326174914,6,2,7
1872149136,1872149150,4,3,8
1872149136,2280678667,5,2,5
1326174865,2477260917,5,5,6
1326174865,1430674314,7,7,8
2861555139,5271574907,3,3,9
1326174870,4182408167,8,8,9
2861555140,5271574907,8,7,8
2861555140,3827608194,5,2,5
2477261467,2477261471,4,4,8
2477261467,3827608193,5,2,6
2477261468,3827608181,3,3,4
2477261468,3827608183,9,2,9
2477261468,3827608185,5,3,8
2477261469,3827608178,6,6,6
2477261469,3827608179,6,5,9
2477261469,3827608183,7,6,7
2477261470,3827608179,7,7,7
2477261471,3827608174,5,4,9
1326174880,2477258778,7,6,8
1326174880,1326174910,3,3,3
1326174880,2477255877,4,4,5
2477261473,3827608185,8,7,8
2477261473,4182408144,6,2,9
2477261474,3827608193,7,4,8
3827170758,3827170764,3,1,6
2956924944,2956925139,8,8,8
5237800471,5237833873,2,1,7
5237800471,5237833872,6,6,8
3355067059,3355067061,3,2,5
3355067061,3355067063,6,1,7
2295372304,3827548467,3,3,6
2295372304,3827548475,2,2,4
2295372304,2295372342,2,2,2
3355067063,3355067066,2,1,5
3355067065,3827548481,6,1,6
3355067065,3355067068,8,3,9
3355067065,3355067066,9,2,9
3355067068,3827548494,6,6,6
1326174910,2477255850,4,4,4
1326174910,2204149200,4,2,5
1326174912,5376448906,5,5,6
1326174912,4182408168,6,4,7
3072842433,3072842533,3,3,6
1326174914,4182408161,2,2,6
1326174917,1326174921,1,1,9
1326174917,4182408166,1,1,2
1326174917,4182408157,4,1,8
1326174919,4182408168,5,2,7
1326174921,2477264020,6,6,9
3827671760,4182209839,9,6,9
3827671760,4182209827,3,3,3
3827671761,3827671763,6,6,6
3827671762,3827671765,4,4,6
3827671763,4182209829,1,1,2
3827671763,4182209830,2,1,6
3827671767,3827671778,4,3,4
3827671768,4182209829,9,3,9
3827671768,3827671781,4,1,7
3827671770,3827671778,7,7,7
3827671771,5271574906,7,4,8
3827671772,5271574905,3,3,3
3827671772,4182209830,9,8,9
3827671773,3827671791,6,3,8
3827671775,4182209830,8,5,9
3827671775,3827671777,2,2,4
3827671777,3827671779,7,4,7
3827671778,3827671782,3,1,9
3827671781,3827671782,2,1,4
3827671782,3827671789,2,2,2
3827671783,3827671788,9,9,9
3827671783,3827671784,7,7,8
3827671784,3827671794,7,6,7
3827671785,3827671786,8,7,8
3827671785,3827671787,1,1,5
3827671786,3827671792,9,7,9
3827671787,3827671814,8,7,9
3827671788,3827671790,8,7,9
3827671789,3827671791,3,2,6
3827671790,3827671806,5,5,8
3827671791,3827671804,4,2,6
3827671792,3827671796,5,5,6
3827671794,3827671813,4,2,5
3827170771,3827170775,3,1,3
3827170771,3827170772,2,2,9
3827671796,3827671799,3,3,3
2295372307,3827548464,3,2,3
2295372307,3827548461,1,1,8
436882900,3826341158,8,7,8
3827671804,3827671806,6,4,6
3827671806,3827671807,9,4,9
3827671807,3827671808,6,5,6
3827671808,3827671810,2,2,7
3827671810,3827671813,5,1,5
3112164481,5745473858,4,4,4
3112164481,3112829841,2,2,2
3827671816,3827671833,2,1,2
3827170775,4184048901,8,8,8
3827671824,3827671825,5,1,9
3827671834,3827671842,8,4,9
3072842533,3072865233,3,3,4
1906756396,4944067989,7,7,8
1906756396,3089780844,5,4,5
1906756396,2690624936,2,1,2
1906756396,3089780840,4,4,5
4867334957,4867334958,8,2,8
4867334958,4867334959,4,4,7
4867334959,4867334970,9,8,9
1855339315,1855351844,6,2,9
4867334964,4867334970,6,4,6
1855339317,1855351843,6,6,6
1855339317,1855351803,8,8,9
1855339317,1855351815,2,2,3
4182144139,4182163938,6,6,6
2477265735,4182209840,2,1,2
2477265735,5237800470,7,2,9
2477265736,2477265748,3,2,4
2477265736,2477265740,8,5,9
3058389833,3058390033,7,6,9
3058389833,3060365833,1,1,4
3058389834,3058390033,1,1,2
1326461772,4712361515,8,4,8
1326461772,1326461808,1,1,3
1326461773,3827170756,8,1,9
1326461773,3827170768,2,2,5
2477265742,4182209839,9,9,9
3112817488,3112817489,6,4,7
3112817489,3112817490,5,4,5
2477265747,4867334963,6,3,6
1326461780,4712361516,2,1,3
1326461780,1326461834,2,1,3
1326461780,1326461808,4,3,4
2477265749,3827671842,5,3,5
2477265749,4182209828,3,3,9
1326461782,4712367300,5,4,6
1326461782,1326461857,6,3,7
1326461782,1326461796,7,5,7
1326461782,4184048904,5,4,5
2477265751,3827671825,4,3,4
2477265751,3827671834,5,5,9
2477265752,4182209827,5,5,7
2477265753,2477335640,5,4,5
2477265753,2861309355,2,1,2
2477265754,3827671762,7,6,7
2477265754,2861555141,8,8,9
2477265754,4182209829,7,3,7
2477265760,2477340273,3,3,5
1326461796,4712367299,1,1,1
1326461796,1326461805,1,1,7
1326461796,1872149152,8,6,8
2477265765,3827671762,3,2,9
2477265765,2477340270,5,4,7
1326160742,4182381106,3,2,5
1326160742,4182381118,6,3,6
1326461799,1326461805,8,1,9
1326461799,3825549770,3,3,5
1326461799,3825549765,5,5,6
1326461799,1872149136,4,4,4
3112192872,3112192873,4,4,8
3112192872,3112192875,6,3,7
3112192872,3112192876,9,7,9
1326461801,1326461857,7,2,7
1326461801,1326461826,6,4,6
1326461803,1326461823,5,4,5
1326461803,3825549670,6,6,6
3112192876,3112192877,5,4,8
1326461805,4712361515,5,3,7
1326461805,1872149150,6,6,8
3112192878,3112248629,3,2,8
1326461807,1326461833,7,5,7
1326461807,3827170787,3,3,6
1326461808,3827170785,6,3,7
1326461809,3827170771,6,6,9
1326461809,3827170763,5,5,8
1326461809,3827170760,5,3,7
1326461811,3827170769,3,3,4
1326461811,3827170785,6,6,7
1326461811,1326461812,2,2,3
1326461812,1326461829,7,5,7
4959609717,4959609719,7,7,8
4959609718,4959609720,5,5,5
4959609719,4959609720,3,3,3
4959609720,4959613421,3,3,3
1430674300,1430674339,4,3,8
1430674300,5540428236,7,5,9
1430674300,3103169129,2,2,4
3112192873,3112192879,5,3,7
3112192873,3112192878,9,9,9
3112192873,3112242508,3,1,4
1326461823,3827170756,6,5,9
1326160768,4182381111,7,6,8
1326160768,2477255852,8,6,8
1326160768,2477256599,5,5,6
1326461826,4184048903,3,1,7
1326461826,1326461834,5,3,5
1326461826,4131931173,7,5,8
3072842633,3072865333,5,4,6
1430674316,3827608158,9,8,9
1430674316,2477260918,3,1,9
2477255852,2477256603,3,3,7
2477255852,4182381122,8,6,8
2477255852,4182374176,4,3,4
1326461844,3827170767,3,1,3
1326461844,4184048900,6,4,6
1326461844,3827170787,6,5,8
5135931886,5135931888,7,7,7
3015118465,3144848929,8,1,9
3015118465,4984342400,6,2,7
3015118465,4865831867,6,5,6
3112174494,3112865086,3,2,3
1326461855,4131931171,2,1,2
3112174496,3827548494,7,6,7
1430674339,2280678694,5,1,8
1430674339,2477260915,6,3,8
1430674339,3144858829,2,2,2
3828356008,3828356011,4,4,5
571447794,3825549715,3,2,3
571447794,3825549699,3,2,4
571447794,2690624940,9,9,9
571447794,4944034259,5,3,6
571447794,3144858730,1,1,2
436877437,1326461803,7,7,8
436877437,1855351841,6,6,8
436877437,1855351802,2,2,2
5750809532,5750809536,5,4,5
5750809532,5750809535,3,3,4
2477265738,2477340280,3,3,7
2477265738,2477265761,9,4,9
2477265738,2477265755,6,6,8
5750809534,5750809536,3,1,7
5750809534,5750809535,7,2,9
2477260900,2477260902,4,3,4
2477260900,4182408154,9,9,9
2477260900,4182408160,6,2,7
2477265740,3827671824,4,1,8
2477265741,3827671779,6,1,6
2477265741,2477265764,3,1,5
4182408146,4182408147,9,7,9
732031083,732031087,8,8,8
4182408149,4182408150,2,2,6
436853241,1855351819,6,3,7
436853241,4184048895,3,1,3
2477260901,4182408168,1,1,3
1326160720,2204149207,3,3,3
1326160720,4182374178,6,3,7
2477265743,4182209829,6,3,6
2477265743,3827671779,9,4,9
4182408166,4182408167,6,2,9
2477265745,4182209840,2,1,2
2477265745,2477265755,7,5,7
2477265745,2477265752,7,7,8
2477265745,2477265747,9,8,9
1326184347,1326184376,8,8,9
1326184347,4182144130,9,8,9
1326461778,3827170793,4,3,8
1326461778,1326461807,7,6,7
1326461779,5416056537,2,1,4
1326461779,1326461857,8,5,9
1326461779,1326461786,7,2,7
1326461779,4184048905,8,6,8
2477265748,3827671799,4,2,4
1855351802,1855351808,4,2,4
1855351802,3827170745,5,5,5
1855351802,1855351803,7,6,7
1855351803,3827170749,8,8,8
1855351803,3827170743,7,2,8
1855351804,2932859111,6,4,6
2477260902,2477260934,2,1,2
1855351806,1855351823,1,1,1
2477258788,2477260903,2,1,5
1855351808,1855351840,7,7,9
1855351809,2932859106,2,2,3
1855351810,3827170739,3,3,4
1855351810,2932859111,5,1,6
1982932667,3112651187,6,6,6
1855351812,4184048896,6,4,8
1855351813,2932859106,3,1,4
1855351813,3827170741,6,5,6
1855351814,2932859107,8,8,8
1855351815,3827170757,3,3,8
1855351815,3827170755,8,1,8
1855351815,1937722300,2,1,6
1855351817,1855351835,9,9,9
1855351817,4184048889,8,1,9
1855351817,1855351841,4,1,6
1855351821,3827170728,4,1,5
1855351821,2932859109,2,1,4
1855351823,2932859109,8,8,9
5376448167,5376448168,5,3,8
1855351826,3827170726,5,2,5
1855351826,4184048896,4,3,4
1855351826,4184048897,8,4,9
1855351827,1937722302,6,4,6
1855351829,1855351843,5,4,5
1855351829,4184048896,6,5,8
1855351829,3827170743,5,5,7
1855351830,2932859108,4,2,8
1855351832,3827170723,7,7,7
1855351832,2932859109,1,1,1
397495321,4944067989,6,4,9
397495321,1906756262,6,5,9
397495321,3089780842,9,6,9
397495321,1430655021,6,4,8
397495321,571447794,7,1,8
1855351834,3827170748,7,4,7
1855351834,1937722300,1,1,2
1855351834,4184048899,3,3,4
1855351835,1855351840,7,7,9
1326461786,1326461824,8,7,8
1326461786,1326461801,5,5,9
1326461786,4131931173,6,6,9
1855351840,1855351841,5,4,9
4131931170,4131931171,1,1,5
1855351843,2932859106,5,5,8
4131931172,4131931173,5,2,8
4131931175,4131931176,4,3,7
4131931176,5416055910,6,5,7
3072865333,3112107628,4,4,5
2295372297,3800522724,8,5,8
2477265746,2477265760,4,2,4
2477265746,2477340269,9,7,9
2295372298,3800522723,5,3,9
1430656062,1430656073,6,2,9
1430656062,2477260912,7,3,8
1430656069,1430656078,5,2,6
1430656069,1430656080,4,4,5
1430656069,1430656075,1,1,1
1430656071,3103183130,5,3,5
1430656071,2477260925,2,2,5
1430656071,2477260924,1,1,7
4182381107,4182381109,4,4,6
1430656073,1430656078,6,6,7
1430656073,1430656081,4,2,9
1430656073,5376448907,4,3,5
1430656075,1430656077,4,4,9
1430656075,2280678672,3,3,7
1430656077,2477260916,4,1,4
1430656077,2280678664,3,2,3
1430656077,1430656078,2,2,4
1430656078,4182408169,6,6,8
2295372301,3800522721,5,2,6
1430656080,5376448907,1,1,5
1430656081,3058389834,2,2,9
1430656087,3827608170,4,2,4
1430656087,3827608157,3,3,4
1430656087,3827608166,8,7,9
1430656087,3827608169,3,2,6
1430656087,2280678745,9,5,9
2477335640,3827672525,5,3,6
2477265764,3827671792,7,6,8
2295372318,2295372343,5,2,9
2295372318,2295372319,9,5,9
2295372303,2295372337,4,4,9
2295372303,2295372304,6,6,6
2295372303,3355067063,3,3,6
3492889693,4865883253,3,3,3
1326461797,1326461855,9,6,9
4865883234,4865883243,1,1,8
4865883234,4865883237,3,3,3
5416055908,5416055909,5,4,8
3112150117,3112208631,1,1,9
3112150117,3112174496,6,6,8
3144858729,3144858829,2,1,2
3144858729,4865883250,6,4,7
3144858730,3144858829,2,1,5
3144858730,3825549761,6,6,6
3144858730,3825549698,5,1,5
3144858730,5540428236,3,1,4
4865883243,4865883244,6,4,8
4865883245,4984342400,3,2,3
4865883245,4865883246,6,4,7
4865883246,4865883254,6,5,7
4865883247,4865883259,9,9,9
4865883247,4865883250,7,5,9
4865883247,4865883261,1,1,1
4865883247,4865883253,2,1,9
4865883248,4865883249,7,7,9
4865883249,4865883253,2,1,7
4865883249,4865883259,9,7,9
4865883250,4865883255,3,1,8
4865883250,4865883251,5,5,6
4865883250,4865883254,8,5,9
4865883252,4865883253,6,4,9
4865883253,4865883254,8,2,8
4865883254,4865883257,4,4,6
4865883255,4865883257,3,2,8
4865883255,4865883256,5,5,5
436862072,5135931886,5,4,6
436862072,436877437,6,5,7
3825549674,4184048893,4,4,4
3825549674,3825549675,5,4,8
5416057365,5416057366,4,1,6
2956924438,3088903029,4,4,9
1326174743,1326174802,6,5,7
1326174743,4182408150,6,2,7
1326174743,4182408148,1,1,2
3112192877,3112192878,5,2,8
2477264017,2477264023,8,7,9
4712367299,4712367300,9,8,9
2477264020,4182408157,2,2,3
2477264021,2477264027,3,3,9
2477264021,2861309390,1,1,5
2477264021,4182163939,7,5,7
2477264022,2477264026,6,5,7
2477264022,4182163939,5,4,8
2477264023,2477264032,5,3,5
2477264024,2477264032,7,5,9
2477264024,2477264030,6,3,9
2477264025,2477264029,8,4,9
2477264025,4182381130,2,1,8
2477264026,2477264028,6,6,7
2477264027,2477264028,6,4,9
2477264029,4182408166,1,1,3
2477264029,2477264032,7,6,8
2477264031,2861309390,8,7,8
2295372315,2295372319,6,3,9
2295372315,2295372320,3,1,5
2477255849,2477255856,5,1,5
2477255849,3958794762,4,4,6
2477255849,4182381122,4,2,8
2477255850,4182374177,9,9,9
2477255850,2477264020,4,4,7
571448492,3087683154,7,6,7
571448492,3072798734,6,5,7
571448492,3825549699,9,8,9
571448492,571448678,7,6,7
2477255854,2477256601,4,1,7
2477255854,4182381134,7,2,7
2477255855,4182374188,1,1,1
2477255855,2477255856,9,8,9
2477255856,2477256603,2,1,7
2477255856,2477256595,9,8,9
2477255857,5416057002,8,5,9
2477255857,2477255874,2,1,4
2477255857,2477255876,7,7,8
2477255858,2477255863,4,4,8
2477255858,2477255871,2,1,4
2477255858,2477255860,8,7,8
2477255859,5416057365,5,5,5
2477255859,2477255871,8,8,9
2477255859,2477260935,8,7,9
2477255861,2477255863,6,5,9
2477255861,4182408158,7,6,8
2477255863,2477255876,3,3,5
2477255864,4182381135,9,7,9
2477255864,3828356008,7,6,7
2477255865,2477255869,2,1,6
2477255865,2477255866,7,5,7
2477255866,2477255867,3,2,8
2477255867,2477255874,4,4,5
2477255869,4182408158,4,1,9
2477255869,2477255877,3,3,6
2477255869,2477255870,3,3,5
2477255870,2477258775,7,6,9
2477255870,2477260937,4,2,8
2477255871,2477260937,7,6,9
2477255874,4182408159,4,2,5
2477255875,4182408159,5,5,9
2477255875,2477255876,2,1,3
2477255877,2477258776,4,4,7
2477255878,4182374177,7,7,9
3144848929,3825549671,4,2,5
3144848929,4184048890,4,2,6
3144848929,4184048893,8,8,8
4959613422,4959613423,9,7,9
4182381090,4182381094,8,8,8
3144858829,3825549685,4,3,8
3144858829,4184070815,4,3,7
4182381091,4182381094,4,3,4
5237800484,5237800485,4,4,4
846808283,4184001060,4,3,8
414684382,571448680,5,1,5
414684382,3825549662,1,1,2
414684382,4865883244,2,2,7
414684382,3015118465,9,8,9
414684382,3492889693,8,7,9
2295372294,3800522743,8,3,8
2295372294,2295372295,3,2,3
4062918114,4131931171,6,4,7
4062918114,4131923356,7,4,9
4062918114,4131931172,2,2,6
4184048889,4184048895,8,1,8
4184048889,4184048896,7,6,7
4184048890,4865831867,3,2,9
4184048890,4184048894,9,7,9
4184048891,4184048892,7,7,8
4184048893,4184048894,2,2,4
4184048893,5135931888,6,2,9
3112174497,3112865086,5,3,5
3112174497,3112865087,9,5,9
2280678660,3144848932,3,3,4
2280678660,3825549802,5,2,8
2280678660,3144858730,1,1,1
4184048901,4184048902,5,2,5
4184048903,4712367300,2,2,8
4184048905,5416056539,3,3,5
3827170757,4184048900,8,3,8
2280678667,3825549802,1,1,3
2280678667,2280678677,6,3,8
2280678667,2280678672,4,4,5
1430674314,3827608158,6,6,7
2295372333,2295372334,3,1,5
2280678672,2477260930,7,6,9
2280678677,2280678689,5,3,8
2280678683,3112723452,4,2,4
2280678683,3072798733,9,6,9
732031094,732031137,4,1,5
1326461777,1326461829,3,1,3
1326461777,3827170793,9,6,9
1326461777,3827170779,7,4,8
2280678689,2280678699,5,2,7
3103169129,3827606154,4,4,4
3826341160,4001144940,8,4,8
3826341160,5750809408,3,2,4
2280678699,2280678711,6,3,9
2295372338,3827548475,7,2,8
2295372338,2295372339,8,6,8
5237800483,5237800495,7,4,9
5237800483,5237800498,6,3,8
4182209839,4182209840,6,4,6
2280678705,2477255860,3,2,9
2280678705,2477260930,6,5,6
2280678705,2477255859,8,3,8
3826341170,3826341171,5,5,6
1326174771,2477260927,7,7,8
1326174771,5376448167,4,1,9
3826341172,3826341173,4,4,4
3112248629,3112248630,2,1,4
3112248630,3112719039,9,7,9
1430674313,5376449359,3,3,3
2295372340,3827548467,3,2,6
2295372340,3827548466,5,4,6
2280678716,5416057002,9,9,9
2280678716,2280678732,6,6,6
2280678716,2477255860,1,1,3
3112865087,3827548481,8,3,8
2295372342,2295372344,5,3,6
2280678728,2280678738,6,4,6
2280678728,2280678732,9,8,9
732031195,732031202,4,4,6
4182381111,4182381121,3,2,4
2280678732,2280678757,2,2,2
2280678732,4182408153,3,3,6
3112651187,4001144941,3,2,4
3112140344,4831995980,5,4,8
3112140344,4831995981,5,3,5
2280678738,5418416227,3,1,8
732031203,4894927064,3,3,5
2295372345,3800522735,3,3,3
2295372345,4634291420,7,7,7
2295372345,3800522732,5,5,8
2280678745,3054698233,9,6,9
2280678745,3146844229,3,2,3
2295365610,3827548025,4,4,5
2295365610,2295365611,8,8,9
1430654304,2280678683,4,4,5
1430654304,4946614557,4,4,4
1855351825,1855351844,5,4,8
1855351825,1855351826,9,5,9
1855351825,2932859108,6,3,6
2280678757,4182374187,2,1,5
571448678,3825549669,5,1,8
571448678,3492889693,2,1,2
571448678,571448680,7,6,8
571448680,3825549664,5,5,6
2280678763,5418416227,6,4,7
2280678763,4184001079,7,5,8
2280678769,2280678782,1,1,1
2280678769,4182374187,4,2,4
2477256595,4182381090,5,2,5
4182381118,4182381127,4,3,7
2295365603,2295365604,4,2,4
2280678776,4184001079,3,2,4
2280678776,2280678793,2,2,5
3144848930,3144849029,4,3,7
3144848930,3144848931,5,5,8
2280678782,2280678799,5,2,5
2280678787,4867295784,6,6,8
2280678787,5237800475,2,1,7
2280678787,3827608168,6,3,6
4182381121,4182381122,3,2,9
1326461847,4062918114,4,4,7
1326461847,1937722300,8,8,9
2690624930,4184070815,7,5,8
2690624930,2690624934,2,2,2
3827170724,3827170726,3,3,8
2690624934,3089780844,5,2,5
2690624934,3825549702,3,1,8
3827170727,3827170729,3,3,4
3827170728,4184048897,3,3,4
3827170728,3827170735,7,4,9
3827170729,3827170741,5,5,5
4182381127,4182381128,4,1,8
3827170732,3827170736,3,3,3
3827170733,4184048897,5,4,7
3827170733,3827170737,2,1,3
3827170736,4184048899,7,1,9
3827170737,3827170744,2,1,2
3827170739,4184048899,3,3,3
3827170740,3827170746,4,4,6
3827170740,3827170742,2,1,7
3827170742,3827170748,7,3,9
3827170744,3827170746,7,7,9
3827170745,3827170747,9,9,9
3827170746,3827170748,3,3,8
3827170747,3827170753,7,7,8
3827170749,3827170752,8,1,9
2280678846,4867334957,9,9,9
2280678846,4867334964,3,2,3
3827170752,3827170754,8,7,9
3827170753,3827170756,6,3,7
3827170754,3827170759,5,3,6
3827170754,3827170758,6,4,8
2861555141,3827608194,1,1,7
414684614,2281095539,5,4,6
414684614,2477261471,4,2,6
414684614,2861604749,7,1,8
414684614,1326184342,2,2,4
3827170759,3827170762,1,1,3
3827170759,3827170760,3,1,3
3827170762,3827170765,6,5,7
3827170763,3827170766,6,6,7
3827170763,3827170767,3,2,6
3827170764,3827170768,2,1,3
3827170764,3827170776,3,3,4
3827170765,3827170771,3,1,9
3827170766,3827170770,2,1,2
2204149199,5416056539,4,3,9
2204149199,2204149201,3,3,6
2204149199,2280678711,8,3,8
2204149200,2477255867,7,6,7
2204149200,5418416194,9,9,9
2204149201,5416056537,6,3,7
2204149201,2204149208,7,3,8
3827170770,3827170772,6,6,7
2204149203,2477256591,3,2,9
2204149203,5418416194,5,4,5
2204149203,4182408153,2,2,3
2204149203,2477255878,3,2,5
3827170773,3827170774,2,1,2
3827170774,3827170780,6,5,9
2204149207,2477256591,8,8,8
2204149207,4182381090,6,5,6
2204149208,5416055908,6,6,7
2204149208,4062918113,8,7,8
2204149210,5416055908,7,1,8
2204149210,4131931175,6,6,7
2204149210,2280678728,6,2,6
3827170779,4184048901,9,5,9
3827170780,3827170781,8,5,8
3827170781,3827170784,5,1,9
3827170782,3827170784,2,1,2
3827170782,4184048902,9,9,9
3827170783,4184048900,3,3,7
3827170783,4131931172,2,1,3
3827170783,3827170789,3,1,4
3827170784,3827170786,3,2,3
3827170786,3827170788,6,6,7
3827170787,3827170788,6,4,7
3827170788,3827170790,7,6,7
3827170789,3827170794,4,1,7
3827170790,3827170791,1,1,2
3827170791,3827170792,7,2,8
3827170792,3827170793,8,6,9
3827170794,3827170795,7,7,7
2102674924,3072842633,3,1,3
2102674924,3072843033,5,1,7
2690624940,3825549702,1,1,1
2690624940,4184070815,6,3,7
2690624940,3800522736,3,1,5
1855351807,1855351809,5,2,7
2295372332,2295372333,4,4,4
2244637648,3827608184,4,4,5
5416056325,5416056326,5,3,5
2750518796,3828356016,5,3,7
2750518796,3828356011,6,6,9
5237800470,5237800497,4,4,6
436862073,1937722300,3,1,4
436862073,4131923357,6,5,7
5237800472,5237833872,7,4,7
5237800472,5237800473,8,7,8
5237800474,5237800497,5,4,9
5237800474,5237833873,2,2,2
5237800474,5237800481,5,2,5
5237800475,5237800476,6,6,8
5237800476,5237800477,3,2,7
5237800477,5237800478,6,1,9
5237800478,5237800494,3,3,7
5237800479,5237800494,8,6,8
5237800479,5237800480,9,5,9
5237800480,5237800481,9,1,9
5237800481,5237800482,4,4,9
5237800482,5237800483,6,6,7
3144848931,3144848932,6,4,6
5237800485,5237800506,8,8,8
5237800486,5237800506,5,5,7
5237800486,5237800505,4,2,4
5237800487,5237800505,3,2,3
5237800487,5237800504,4,4,5
5237800488,5237800504,6,4,6
5237800488,5237800503,8,8,9
5237800489,5237800503,6,5,6
5237800489,5237800490,9,7,9
5237800490,5237800507,5,5,5
5237800491,5237800507,2,1,2
5237800491,5237800492,6,6,8
5237800492,5237800508,8,6,9
5237800493,5237800508,8,7,8
5237800493,5237800494,5,3,5
5237800495,5237800501,9,7,9
5237800496,5237800501,8,5,8
5237800496,5237800502,6,6,6
5237800497,5237800502,8,2,8
5237800498,5237800500,8,6,9
5237800499,5237800500,2,2,6
3827170767,3827170773,9,9,9
3112140343,3212506969,3,3,6
436854331,3112192871,2,1,4
436854331,4959609717,3,1,4
436854331,2690624930,6,2,8
436854331,3089780844,3,2,9
436862074,4131923357,6,5,6
436862074,436862075,5,5,8
2956925043,2956925141,2,2,2
286490183,1326174711,9,8,9
286490183,1326174774,1,1,2
732033559,2244637648,3,3,3
732033559,2244637597,3,2,4
2956924636,2956924948,5,4,6
2956924636,2956925247,5,1,6
2956924636,3088903029,3,1,6
2956924636,2956960644,5,5,6
3826341168,3826341171,5,3,9
725968464,732033445,9,7,9
3212514897,3212514898,2,2,3
3087683154,4984342399,9,9,9
3087683154,4865883249,4,4,5
436862075,846808283,8,2,9
3827170768,3827170769,5,3,8
4062918115,4131923356,5,3,8
4062918115,4184001060,1,1,2
4062918115,4131931170,2,1,8
4833719904,4833720028,7,3,7
2477340257,2477340278,4,3,5
2477340257,2477340262,3,3,6
2477340257,4182209827,4,2,9
2477340262,2477340270,4,1,4
2477340262,2477340277,6,5,6
2477340266,3827672525,9,9,9
3112174495,3112865087,6,5,9
3112174495,3212514896,7,6,7
2477340268,4182209827,7,7,8
2477340268,2477340280,2,2,3
2477340270,3827671773,3,3,7
2477340270,3827671770,3,2,8
5750809533,5750809535,6,2,6
2477340272,4182209828,5,3,7
2477340272,3827671813,8,8,9
2477340273,3827671849,3,3,5
2477340274,3827671833,7,4,8
2477340274,3827671849,2,2,5
1937722302,3827170721,4,3,4
2477340278,3827671773,2,2,3
2477340278,2477340280,8,7,9
2477340278,3827671784,2,2,6
2477340265,2477340269,5,5,5
2477340265,2477340266,4,3,7
2477340280,3827671816,8,6,8
1982932603,1982932636,4,1,5
1982932603,3112223233,5,4,6
1872569980,2280678699,5,4,5
1872569980,5416056555,7,7,7
1872569980,4184048905,8,7,8
1872569980,4184048904,6,1,7
1326461833,4131931173,8,7,9
1326461833,3827170795,7,3,7
1982932607,3112651187,5,4,6
1982932607,1982932664,2,1,4
1982932607,4894927069,3,1,8
1326461857,5416056555,1,1,7
1982932612,3112817490,3,1,3
1982932612,3072842133,9,9,9
3144849029,3144858829,8,2,8
3072843033,4831995980,4,2,6
3089780839,3800522748,8,4,8
4946614554,4946614555,3,1,7
1326174832,3827608189,4,1,9
1326174832,1904250970,3,3,3
1326174832,2477264028,8,7,8
3242819185,3242819186,8,4,8
5376448168,5376448169,4,2,4
3089780835,3101785824,3,2,3
4865883261,4984342399,7,6,9
3242819186,4182163938,3,2,6
2280678664,2280678672,2,1,2
2280678664,3103183130,8,7,9
1326174835,1326174870,1,1,1
1326174835,1326174907,6,6,6
1326174835,2477264032,1,1,9
1982932664,3112223233,6,4,6
1906756262,4959609718,4,1,4
2477340277,3054787036,4,3,9
2477340277,3827608188,6,6,7
1982932598,4001144941,4,1,4
1982932598,3355067068,5,1,8
1982932598,3827548489,5,1,9
1982932598,3112174496,6,6,7
2699491014,4182144130,3,2,5
2956924947,2956925142,6,4,8
2956924947,2956924948,5,5,7
1872569976,3958794768,7,4,8
5416056535,5416056536,4,4,4
5416056537,5416056538,7,5,8
5416056538,5416056539,3,1,3
725968291,4360970490,2,1,7
725968291,725968464,3,2,7
3101785824,3101785825,2,2,9
3101785825,3101785826,1,1,3
3101785826,3101785827,6,4,6
3101785827,3101785828,4,2,6
3101785828,3101791329,6,4,6
2280678694,3058389833,5,3,5
2280678694,4867295778,7,7,7
3072865233,3112107628,3,2,3
3827608188,3827608194,9,4,9
5416056554,5416056555,5,2,7
3339353725,4833720028,8,7,8
3089780842,4946614557,8,3,9
3054698233,3146844329,5,5,7
3054698233,3827606155,2,2,3
2956924543,2956925141,5,4,8
2956924543,2956925142,7,5,8
2477265750,2477340277,4,4,6
2477265750,2477265754,2,2,4
3112192879,3112192880,6,6,9
3112192879,3112242507,2,1,4
1430655577,5237755731,8,7,9
1430655577,3827606149,8,6,8
3827606145,4946614549,3,3,8
2295365591,2295365620,5,4,8
2295365591,2295365592,7,7,7
1430674331,3827606156,7,7,7
1430674331,3827606155,5,4,6
1430674331,3827608157,7,5,8
1430674331,2477260915,3,3,8
4634291419,4634291420,5,5,6
3826341167,3826341170,4,3,5
3826341167,4184048894,7,7,8
3826341167,3826341173,2,2,2
1326196511,1855351804,2,1,2
4182374176,4182408157,7,5,9
4182374176,4182374177,5,5,9
4182374176,4182381131,6,5,8
2690624936,4944034258,3,2,4
2690624936,3825549715,3,2,8
3827548466,3827548475,8,3,9
436817724,3112140343,5,1,6
436817724,3112223238,4,2,9
436817724,1982932636,5,2,5
3826341173,4184048889,4,4,6
3827606155,4867295778,4,4,6
1326196548,3827170761,6,3,7
2280678711,2280678728,6,3,6
2903119694,5750809408,7,6,7
2903119695,2903119697,3,2,5
2903119695,2903119699,4,4,8
2903119696,4001144941,3,3,5
2903119696,4001144940,9,3,9
2903119699,4894927067,3,3,6
3212506967,3212506968,2,2,4
3212506968,4627595348,1,1,1
4894922585,4894927250,3,2,9
3212506970,4627595348,5,4,5
3054698333,3112723452,1,1,3
3054698333,4867295780,4,4,9
3054698333,4867295782,1,1,1
3054698333,3146844230,7,6,8
2244637670,4360970491,7,7,7
2295372341,3827548458,4,4,6
2295372341,2295372343,3,2,3
2244637672,3112829834,7,2,7
2295365609,3827548025,7,4,7
3112192871,3800522748,5,1,8
3112192871,3112192872,7,4,7
3800522731,3800522732,7,4,7
4712361515,4712361516,7,6,8
2295365612,2295365613,3,2,8
1982932631,3112140343,7,6,7
1982932631,3112817488,3,2,5
2861604748,4182144129,5,4,5
2861604749,3242819185,6,5,8
2861604749,4867334957,3,2,4
2477256591,2477256603,4,4,4
2477256593,2477256595,4,2,9
1326184339,4182408145,5,1,8
1326184339,2477264031,6,1,8
1326184340,3242819186,5,2,7
1326184340,2477264022,1,1,7
1326184340,1904250970,8,7,8
1326184342,2477261467,8,5,9
1326184342,3242819185,3,1,8
1326184342,1904250983,7,5,8
1326174815,3827608178,3,2,7
1326174815,3827608169,4,4,5
2477256602,4182381129,8,8,8
2477256602,4182381131,9,5,9
2477256602,4182408163,8,4,8
2477256603,4182374177,4,4,4
4062918113,5416055910,5,4,5
357840217,3146844329,4,4,5
357840217,4867295783,7,3,7
859656101,5034061175,3,1,4
859656101,3828356016,9,6,9
2295365617,2295365618,5,5,7
1904250975,1904250977,2,2,5
1326184363,1326184427,4,1,7
1326184363,1326184369,8,3,8
2295365595,2295365596,5,2,7
1430656060,1430674339,5,2,7
1430656060,1430656081,4,1,7
1326184368,1326184369,9,8,9
1326184368,1326184407,6,5,8
1326184370,2861604748,8,8,8
1326184370,3242819185,3,3,3
2932857700,3827548461,9,4,9
1872149150,2280678677,4,3,5
1326184376,1326184407,7,6,7
4865883237,4984342401,7,6,7
3072842233,3212506967,4,4,6
3072842233,3072842433,3,1,4
1872149152,2280678689,5,1,8
1872149152,4184048904,5,3,7
3112242507,3112242508,7,7,7
357966956,4867295788,2,1,3
357966956,4867295789,7,5,7
3103197129,3103197130,3,3,8
3800522743,3827548489,5,3,5
3800522743,3827548478,3,3,5
2280599507,4184070814,5,5,5
2280599507,3825549665,5,3,8
2295365588,2295365589,3,1,3
2295365589,2295365621,7,5,7
2295365590,2295365621,7,4,9
2295365590,2295365620,1,1,8
2295365592,4634291421,3,2,5
2295365592,2295365617,3,2,3
2295365593,4634291421,5,1,7
2295365593,2295365594,1,1,2
2295365593,2295365600,6,2,7
2295365594,2295365595,9,9,9
2295365594,2295365619,7,5,8
732033359,732033361,4,3,6
2295365596,2295365597,8,8,8
2295365597,2295365598,8,5,8
2295365598,3827548056,4,2,4
2295365599,3827548056,6,4,6
2295365599,2295365600,9,7,9
2295365599,2295365619,5,3,7
2295365600,2295365618,3,3,3
3800522721,3800522727,4,3,5
2295365602,2295365618,5,4,6
2295365602,2295365603,4,4,5
2295365602,2295372335,3,3,4
3800522723,3800522724,4,2,8
2295365605,2295365606,3,3,5
2295365606,2295365607,6,5,8
3800522727,3800522728,6,3,9
3800522728,3800522732,4,2,4
3800522729,5747600596,9,9,9
3800522730,4634291420,3,3,5
3800522730,4634291424,2,2,5
3800522730,3800522731,7,7,7
1326184427,3242819186,4,4,4
1855351805,1855351834,4,3,5
1855351805,3827170761,3,2,3
3800522736,3825549666,8,8,8
3800522738,3800522739,4,2,4
1326184435,1904250979,1,1,2
1326184435,4182408145,2,1,2
3800522740,3800522747,4,3,4
3800522740,3800522741,9,9,9
3800522741,3800522748,1,1,4
3800522741,5750809536,4,3,5
3800522741,4184070815,4,4,5
5376448169,5416056536,8,7,8
3800522747,3800522748,8,8,9
3800522747,4001144941,8,7,9
